10339,35
3,2
3,1
3,3
10,26
10,88
10,22
10,142
10,304
10,70
10,240
10,2
10,3
11,29
9,7
9,4
9,1
9,6
8,12
8,14
8,15
8,2
8,3
10328,3
10328,2
10328,1
10328,0
10326,3
10326,2
10326,1
10326,0
10325,4
10325,3
10325,2
10325,1
10325,0
10324,4
10324,3
10324,2
10324,1
10324,0
10323,3
10323,2
10323,1
10323,0
8409,3
8409,1
20,3
20,2
20,1
19,3
19,2
19,1
12,3
12,2
12,1
11,30
11,28
11,27
11,26
11,25
11,24
11,23
11,22
11,21
11,20
11,19
11,18
11,17
11,16
11,15
11,13
11,12
11,10
11,9
11,8
11,7
11,6
11,5
11,3
11,2
11,1
10,307
10,300
10,297
10,294
10,292
10,274
10,271
10,269
10,261
10,249
10,247
10,237
10,235
10,233
10,227
10,221
10,219
10,217
10,215
10,213
10,207
10,201
18,1
10,199
18,3
10,195
10,193
10,172
10,171
10,165
10,149
10,131
14,1
10,121
14,3
10,119
10,113
